
PS C:\Users\maxan\Documents\CP 468 AI\CP468> & "C:/Program Files/Python37/python.exe" "c:/Users/maxan/Documents/CP 468 AI/CP468/A2/test.py"

Sudoku board 100 was unable to be solved by AC-3 algorithm

Sudoku Board 100 initial values:
---------------------
|     | 6   2| 1   8|
|     |      |     9|
|  8  |     1| 4    |
---------------------
|  3  |      |      |
|9 1  | 8    | 6    |
|4    | 3 2 5|   1  |
---------------------
|     |      |      |
|     |   4  |   5  |
|    5|      | 2   4|
---------------------

Last found arc consistency for board 100:
---------------------
|3    | 6   2| 1 7 8|
|     |      |     9|
|  8  |     1| 4    |
---------------------
|5 3 7|      | 8 4 2|
|9 1 2| 8 7 4| 6 3 5|
|4 6 8| 3 2 5| 9 1 7|
---------------------
|     |      |      |
|     |   4  |   5  |
|    5|      | 2   4|
---------------------

Attempting to solve board 100 with backtracking

Solution to board 100 was found using backtracking: 
--------------------- 
|3 5 4| 6 9 2| 1 7 8| 
|7 2 1| 4 8 3| 5 6 9| 
|6 8 9| 7 5 1| 4 2 3| 
--------------------- 
|5 3 7| 1 6 9| 8 4 2| 
|9 1 2| 8 7 4| 6 3 5| 
|4 6 8| 3 2 5| 9 1 7| 
--------------------- 
|2 4 3| 5 1 8| 7 9 6| 
|8 9 6| 2 4 7| 3 5 1| 
|1 7 5| 9 3 6| 2 8 4| 
--------------------- 

Sudoku board 101 was unable to be solved by AC-3 algorithm

Sudoku Board 101 initial values:
---------------------
|3    | 7   9|      | 
|7 2  | 5 6  |   1 9| 
|     |      |      | 
---------------------
|     |   1  | 2    | 
|8 1  |      |      | 
|     | 3   5|      | 
---------------------
|6   8| 1    |      |
|  5  |   8  |   7 1|
|     | 2   3| 5    |
---------------------

Last found arc consistency for board 101:
---------------------
|3    | 7 2 9|      |
|7 2 4| 5 6 8| 3 1 9| 
|     | 4 3 1|      | 
---------------------
|     |   1  | 2    |
|8 1  |      |      |
|     | 3   5|      |
---------------------
|6   8| 1    |      |
|  5  |   8  |   7 1|
|     | 2   3| 5    |
---------------------

Attempting to solve board 101 with backtracking
|     |      | 9   5|
---------------------
|7    |   6 8|     3|
|    8|     1|     9|
|1   5| 9    | 8   2|
---------------------

Attempting to solve board 102 with backtracking

Solution to board 102 was found using backtracking: 
--------------------- 
|3 4 6| 8 2 7| 5 9 1| 
|8 5 1| 4 3 9| 2 7 6| 
|2 7 9| 6 1 5| 4 3 8| 
---------------------
|5 6 7| 1 9 2| 3 8 4|
|9 8 2| 5 4 3| 6 1 7|
|4 1 3| 7 8 6| 9 2 5|
---------------------
|7 9 4| 2 6 8| 1 5 3| 
|6 2 8| 3 5 1| 7 4 9|
|1 3 5| 9 7 4| 8 6 2|
---------------------

Sudoku board 103 was unable to be solved by AC-3 algorithm

Sudoku Board 103 initial values:
---------------------
|    5| 8    |     4|
|6    | 1    | 3    |
|    1|     9| 8   6|
---------------------
|     | 9   5|   1  |
|     |     4| 7    |
|  7 4|      |     9|
---------------------
|    7|   1 3| 9    |
|  1  |      | 6    |
|     | 4 6  |      |
---------------------

Last found arc consistency for board 103:
---------------------
|    5| 8    |     4|
|6    | 1    | 3    |
|    1|     9| 8   6|
---------------------
|     | 9   5|   1  |
|     |     4| 7    |
|  7 4|      |     9|
---------------------
|    7|   1 3| 9    |
|  1  |      | 6    |
|     | 4 6  |      |
---------------------

Attempting to solve board 103 with backtracking

Solution to board 103 was found using backtracking:
---------------------
|7 2 5| 8 3 6| 1 9 4|
|6 9 8| 1 4 2| 3 7 5|
|3 4 1| 7 5 9| 8 2 6|
---------------------
|8 3 6| 9 7 5| 4 1 2|
|1 5 9| 6 2 4| 7 8 3| 
|2 7 4| 3 8 1| 5 6 9|
---------------------
|5 6 7| 2 1 3| 9 4 8|
|4 1 2| 5 9 8| 6 3 7|
|9 8 3| 4 6 7| 2 5 1|
---------------------

Sudoku board 104 was unable to be solved by AC-3 algorithm

Sudoku Board 104 initial values:
---------------------
|6    | 7 4  |      |
|  2  |      |      |
|7 8  |   2  | 1 5  |
---------------------
|8 1  |   7  |   2  |
|     |   1  |     3|
|     |      | 7    |
---------------------
|     |      |      |
|  4  |     1| 2 6  | 
|3 7 6| 2 8  |     4|
---------------------

Last found arc consistency for board 104:
---------------------
|6    | 7 4  |      |
|  2  |      |      |
|7 8  |   2  | 1 5  |
---------------------
|8 1  |   7  |   2  |
|     |   1  |     3|
|     |      | 7    |
---------------------
|     |      |      |
|  4  |     1| 2 6  |
|3 7 6| 2 8  |     4|
---------------------

Attempting to solve board 104 with backtracking

Solution to board 104 was found using backtracking:
---------------------
|6 5 1| 7 4 9| 3 8 2|
|9 2 3| 1 5 8| 4 7 6|
|7 8 4| 6 2 3| 1 5 9| 
---------------------
|8 1 9| 3 7 4| 6 2 5|
|4 6 7| 5 1 2| 8 9 3|
|2 3 5| 8 9 6| 7 4 1|
---------------------
|1 9 2| 4 6 7| 5 3 8|
|5 4 8| 9 3 1| 2 6 7|
|3 7 6| 2 8 5| 9 1 4|
---------------------

Sudoku board 105 was unable to be solved by AC-3 algorithm

Sudoku Board 105 initial values:
---------------------
|     | 1   3| 5    |
|     |   5  |   1  |
|     | 9 7  |   2  |
---------------------
|    9|      | 7 6  |
|  5 8|      | 9    |
|  6  | 2    | 1    |
---------------------
|    2| 7    |      |
|     |   3 9|      |
|    5|     1| 3 7 8|
---------------------

Last found arc consistency for board 105:
---------------------
|     | 1   3| 5    |
|     |   5  |   1  |
|     | 9 7  |   2  |
---------------------
|    9|      | 7 6  |
|  5 8|      | 9    |
|  6  | 2    | 1    |
---------------------
|    2| 7    |      |
|     |   3 9|      |
|    5|     1| 3 7 8|
---------------------

Attempting to solve board 105 with backtracking

Solution to board 105 was found using backtracking:
---------------------
|2 8 4| 1 6 3| 5 9 7|
|6 9 7| 8 5 2| 4 1 3|
|5 3 1| 9 7 4| 8 2 6|
---------------------
|1 2 9| 3 8 5| 7 6 4|
|7 5 8| 4 1 6| 9 3 2|
|4 6 3| 2 9 7| 1 8 5|
---------------------
|3 1 2| 7 4 8| 6 5 9|
|8 7 6| 5 3 9| 2 4 1|
|9 4 5| 6 2 1| 3 7 8|
---------------------

Sudoku board 106 was unable to be solved by AC-3 algorithm

Sudoku Board 106 initial values:
---------------------
|     |     1|      | 
|6    |     3|      |
|    9| 4    |     6|
---------------------
|  7  |   9 8|      |
|4    | 3 7 6|      |
|     |      |   5  |
---------------------
|     | 7    | 8   4|
|8   1|   3 4|   7  |
|9    | 8    | 1 6  |
---------------------

Last found arc consistency for board 106:
---------------------
|     |     1|      |
|6    |     3|      |
|    9| 4   7|     6|
---------------------
|  7  | 5 9 8|      |
|4    | 3 7 6|      |
|3    | 1 4 2|   5  |
---------------------
|5    | 7 1 9| 8 2 4|
|8 2 1| 6 3 4|   7  |
|9 4 7| 8 2 5| 1 6 3|
---------------------

Attempting to solve board 106 with backtracking

Solution to board 106 was found using backtracking:
---------------------
|7 3 5| 9 6 1| 2 4 8|
|6 1 4| 2 8 3| 7 9 5|
|2 8 9| 4 5 7| 3 1 6|
---------------------
|1 7 6| 5 9 8| 4 3 2|
|4 5 2| 3 7 6| 9 8 1| 
|3 9 8| 1 4 2| 6 5 7|
---------------------
|5 6 3| 7 1 9| 8 2 4|
|8 2 1| 6 3 4| 5 7 9|
|9 4 7| 8 2 5| 1 6 3|
---------------------

Sudoku board 107 was unable to be solved by AC-3 algorithm

Sudoku Board 107 initial values:
---------------------
|     |   3 6|   9  |
|    8|      |      |
|     |   9 1| 8    |
---------------------
|  3 5| 1    |      |
|  6 4|      | 5 2  |
|8   9|   4  |   1  |
---------------------
|     |     9|   5 4|
|  4  | 6 8  |      |
|     | 4 5  |   6  |
---------------------

Last found arc consistency for board 107:
---------------------
|     |   3 6|   9  |
|    8|   2  |      |
|     |   9 1| 8    |
---------------------
|  3 5| 1 6  |      |
|1 6 4|   7  | 5 2  |
|8   9|   4  |   1  |
---------------------
|     |   1 9|   5 4|
|  4  | 6 8  |      |
|     | 4 5  |   6  |
---------------------

Attempting to solve board 107 with backtracking

Solution to board 107 was found using backtracking:
---------------------
|4 1 7| 8 3 6| 2 9 5|
|6 9 8| 5 2 4| 3 7 1|
|2 5 3| 7 9 1| 8 4 6|
---------------------
|7 3 5| 1 6 2| 4 8 9|
|1 6 4| 9 7 8| 5 2 3|
|8 2 9| 3 4 5| 6 1 7|
---------------------
|3 8 6| 2 1 9| 7 5 4|
|5 4 1| 6 8 7| 9 3 2|
|9 7 2| 4 5 3| 1 6 8|
---------------------

Sudoku board 108 was unable to be solved by AC-3 algorithm

Sudoku Board 108 initial values:
---------------------
|    7|     9|      |
|5 6  |      | 1    |
|3   4|      |      |
---------------------
|  4  |      | 9 5  |
|  7  |      |      |
|6    |     1|     3|
---------------------
|     | 4    |     9|
|7 5  | 6    |     4|
|    8| 9 3  | 7   1|
---------------------

Last found arc consistency for board 108:
---------------------
|8 1 7|     9|      |
|5 6 2|      | 1    |
|3 9 4|      |      |
---------------------
|2 4  |      | 9 5  |
|9 7  |      |      |
|6 8 5|     1|     3|
---------------------
|1 3 6| 4    |     9|
|7 5 9| 6    |     4| 
|4 2 8| 9 3 5| 7 6 1|
---------------------

Attempting to solve board 108 with backtracking

Solution to board 108 was found using backtracking:
---------------------
|9    |   1 4|     7|
|  4  | 8    |   5 1|
---------------------
|    5|      |     3|
|  9  |     2| 7   5|
|7    |   9  |   1 4|
---------------------
|     |      |     9|
|5    |      |     6|
|     | 1   7|     2|
---------------------

Attempting to solve board 109 with backtracking

Solution to board 109 was found using backtracking: 
--------------------- 
|3 1 2| 7 5 9| 6 4 8| 
|9 5 8| 6 1 4| 3 2 7| 
|6 4 7| 8 2 3| 9 5 1| 
--------------------- 
|2 6 5| 4 7 1| 8 9 3| 
|1 9 4| 3 8 2| 7 6 5| 
|7 8 3| 5 9 6| 2 1 4| 
--------------------- 
|8 7 6| 2 4 5| 1 3 9| 
|5 2 1| 9 3 8| 4 7 6| 
|4 3 9| 1 6 7| 5 8 2| 
--------------------- 

Sudoku board 110 was unable to be solved by AC-3 algorithm

Sudoku Board 110 initial values:
---------------------
|     |   5 1|     9|
|6 4  |      |      |
|    1|     4| 6 7  |
---------------------
|1 7  |      |     5|
|4   8|   9  |      |
|  5 6|      |   2  |
---------------------
|     | 2    | 1   7|
|  1 7|      |   5 4|
|    5|      |   9  |
---------------------

Last found arc consistency for board 110:
---------------------
|     |   5 1|     9|
|6 4  |      |      |
|    1|     4| 6 7  |
---------------------
|1 7  |      |     5|
|4   8|   9  |      |
|  5 6|      |   2  |
---------------------
|     | 2    | 1   7|
|  1 7|      |   5 4|
|    5|      |   9  |
---------------------

Attempting to solve board 110 with backtracking

Solution to board 110 was found using backtracking:
---------------------
|7 3 2| 6 5 1| 8 4 9|
|6 4 9| 8 7 2| 5 3 1| 
|5 8 1| 9 3 4| 6 7 2|
---------------------
|1 7 3| 4 2 6| 9 8 5|
|4 2 8| 5 9 3| 7 1 6|
|9 5 6| 7 1 8| 4 2 3|
---------------------
|3 9 4| 2 8 5| 1 6 7|
|8 1 7| 3 6 9| 2 5 4|
|2 6 5| 1 4 7| 3 9 8|
---------------------

Sudoku board 111 was unable to be solved by AC-3 algorithm

Sudoku Board 111 initial values:
---------------------
|  8  |     4| 2    |
|  4  | 5    |   9  |
|3 5  |   6 9|   8  |
---------------------
|  9  |   3 2|   4  |
|  2  | 4   5|   3  |
|     |      |      | 
---------------------
|     |      |      |
|    9|      |   6 7|
|  3  | 8 9  |      |
---------------------

Last found arc consistency for board 111:
---------------------
|  8  |     4| 2    |
|  4  | 5    |   9  |
|3 5  |   6 9|   8  |
---------------------
|  9  |   3 2|   4  |
|  2  | 4   5|   3  |
|     |      |      |
---------------------
|     |      |      |
|  1 9| 2   3|   6 7|
|  3  | 8 9  |      |
---------------------

Attempting to solve board 111 with backtracking

Solution to board 111 was found using backtracking:
---------------------
|9 8 6| 3 1 4| 2 7 5|
|7 4 1| 5 2 8| 3 9 6|
|3 5 2| 7 6 9| 4 8 1|
---------------------
|1 9 5| 6 3 2| 7 4 8|
|6 2 8| 4 7 5| 1 3 9|
|4 7 3| 9 8 1| 6 5 2|
---------------------
|8 6 4| 1 5 7| 9 2 3|
|5 1 9| 2 4 3| 8 6 7|
|2 3 7| 8 9 6| 5 1 4|
---------------------

Sudoku board 112 was unable to be solved by AC-3 algorithm

Sudoku Board 112 initial values:
---------------------
|  4 1|      | 7 5  |
|8    |   9  |     3|
|    7|      |     1|
---------------------
|4   8|      |      |
|  2  |      |     9|
|7 1  |   3  |      |
---------------------
|     |     9| 2    |
|1    |   4 3| 5   8|
|  8  |   2 7|   3  |
---------------------

Last found arc consistency for board 112:
---------------------
|  4 1|      | 7 5  |
|8    |   9  |     3|
|    7|      |     1|
---------------------
|4   8|      |      |
|  2  |      |     9|
|7 1  |   3  |      |
---------------------
|     |     9| 2    |
|1    | 6 4 3| 5   8|
|  8  |   2 7|   3  |
---------------------

Attempting to solve board 112 with backtracking

Solution to board 112 was found using backtracking:
---------------------
|9 4 1| 3 8 2| 7 5 6|
|8 5 6| 7 9 1| 4 2 3|
|2 3 7| 4 6 5| 9 8 1|
---------------------
|4 9 8| 2 1 6| 3 7 5|
|6 2 3| 5 7 8| 1 4 9|
|7 1 5| 9 3 4| 8 6 2|
---------------------
|3 6 4| 8 5 9| 2 1 7|
|1 7 2| 6 4 3| 5 9 8|
|5 8 9| 1 2 7| 6 3 4|
---------------------

Sudoku board 113 was unable to be solved by AC-3 algorithm

Sudoku Board 113 initial values:
---------------------
|     | 9 6 4|      |
|  6  |     8|      |
|9    | 3    |      |
---------------------
|     |     1| 8 7  |
|4 9  |      |      |
|8 7  |   3 6| 1   9|
---------------------
|6    | 8   5| 9 3 7|
|     |   1  |      |
|    4| 6    |     1|
---------------------

Last found arc consistency for board 113:
---------------------
|     | 9 6 4|      |
|  6  |     8|      |
|9    | 3    |      |
---------------------
|     |     1| 8 7  |
|4 9  |      |      | 
|8 7  |   3 6| 1   9|
---------------------
|6    | 8   5| 9 3 7|
|     |   1  |      |
|    4| 6    |     1|
---------------------

Attempting to solve board 113 with backtracking

Solution to board 113 was found using backtracking:
---------------------
Attempting to solve board 114 with backtracking











